[gd_scene load_steps=6 format=2]

[ext_resource path="res://Scenes/Player.tscn" type="PackedScene" id=1]
[ext_resource path="res://Scenes/UI.tscn" type="PackedScene" id=2]

[sub_resource type="CubeMesh" id=1]

[sub_resource type="SpatialMaterial" id=2]
albedo_color = Color( 0.490196, 0.490196, 0.490196, 1 )

[sub_resource type="BoxShape" id=3]

[node name="World" type="Spatial"]

[node name="Player" parent="." instance=ExtResource( 1 )]
transform = Transform( 1, 0, 0, 0, 1, 0, 0, 0, 1, 0, 4, -1 )
friction = 0.301

[node name="Floor" type="StaticBody" parent="."]

[node name="MeshInstance" type="MeshInstance" parent="Floor"]
transform = Transform( 30, 0, 0, 0, -1.31134e-06, 1, 0, -30, -4.37114e-08, 0, 0, 0 )
mesh = SubResource( 1 )
material/0 = SubResource( 2 )

[node name="CollisionShape" type="CollisionShape" parent="Floor"]
transform = Transform( 30, 0, 0, 0, -1.31134e-06, 1, 0, -30, -4.37114e-08, 0, 0, 0 )
shape = SubResource( 3 )

[node name="Floor2" type="StaticBody" parent="."]
transform = Transform( 0.965926, -0.258819, 0, 0.258819, 0.965926, 0, 0, 0, 1, 40, 7, 0 )

[node name="MeshInstance" type="MeshInstance" parent="Floor2"]
transform = Transform( 30, 0, 0, 0, -1.31134e-06, 1, 0, -30, -4.37114e-08, 0, 0, 0 )
mesh = SubResource( 1 )
material/0 = SubResource( 2 )

[node name="CollisionShape" type="CollisionShape" parent="Floor2"]
transform = Transform( 30, 0, 0, 0, -1.31134e-06, 1, 0, -30, -4.37114e-08, 0, 0, 0 )
shape = SubResource( 3 )

[node name="Floor3" type="StaticBody" parent="."]
transform = Transform( -0.965926, 0.258819, -8.74228e-08, 0.258819, 0.965926, 0, 8.44439e-08, -2.26267e-08, -1, -46, 7, 0 )

[node name="MeshInstance" type="MeshInstance" parent="Floor3"]
transform = Transform( 30, 2.27374e-13, 1.78048e-15, -5.73205e-14, -1.31134e-06, 1, 0, -30, -4.37114e-08, 0, 0, 0 )
mesh = SubResource( 1 )
material/0 = SubResource( 2 )

[node name="CollisionShape" type="CollisionShape" parent="Floor3"]
transform = Transform( 30, 0, 0, 0, -1.31134e-06, 1, 0, -30, -4.37114e-08, 0, 0, 0 )
shape = SubResource( 3 )

[node name="Floor4" type="StaticBody" parent="."]
transform = Transform( -4.2222e-08, 1.13133e-08, 1, 0.258819, 0.965926, 0, -0.965926, 0.258819, -4.37114e-08, -8, 7, -53 )

[node name="MeshInstance" type="MeshInstance" parent="Floor4"]
transform = Transform( 30, 0, 0, 0, -1.31134e-06, 1, 0, -30, -4.37114e-08, 0, 0, 0 )
mesh = SubResource( 1 )
material/0 = SubResource( 2 )

[node name="CollisionShape" type="CollisionShape" parent="Floor4"]
transform = Transform( 30, 0, 0, 0, -1.31134e-06, 1, 0, -30, -4.37114e-08, 0, 0, 0 )
shape = SubResource( 3 )

[node name="Floor5" type="StaticBody" parent="."]
transform = Transform( 1.26666e-07, -3.394e-08, -1, 0.258819, 0.965926, 0, 0.965926, -0.258819, 1.31134e-07, -8, 7, 46 )

[node name="MeshInstance" type="MeshInstance" parent="Floor5"]
transform = Transform( 30, 0, 0, 0, -1.31134e-06, 1, 0, -30, -4.37114e-08, 0, 0, 0 )
mesh = SubResource( 1 )
material/0 = SubResource( 2 )

[node name="CollisionShape" type="CollisionShape" parent="Floor5"]
transform = Transform( 30, 0, 0, 0, -1.31134e-06, 1, 0, -30, -4.37114e-08, 0, 0, 0 )
shape = SubResource( 3 )

[node name="DirectionalLight" type="DirectionalLight" parent="."]
transform = Transform( 0.707107, 0.5, -0.5, 0, 0.707107, 0.707107, 0.707107, -0.5, 0.5, -23, 37, 41 )

[node name="UI" parent="." instance=ExtResource( 2 )]

[connection signal="force_changed" from="Player" to="UI" method="_on_Player_force_changed"]
